12.9081357, 77.647608
12.8430636, 77.656476
12.9697999, 77.7499467
12.9242306, 77.6519307
12.9591722, 77.697419
12.910491, 77.5857168
12.9279232, 77.6271078
12.894655, 77.59882
12.9337037, 77.6622027
12.9718915, 77.6411545
12.9165757, 77.6101163
12.9165757, 77.6101163
12.9416066, 77.5578535
12.9250074, 77.5938028
13.0357695, 77.5970222
13.0184435, 77.6781215
12.8580316, 77.5276723
12.9912802, 77.687367
13.0040167, 77.6877765
12.9712301, 77.7148376
13.0030624, 77.5642928
13.026511, 77.6608522
13.0380106, 77.6482615
12.9548662, 77.6851018
13.0944536, 77.5860122
12.9675003, 77.6958272
13.0195677, 77.5968131
12.9900578, 77.5524925
12.9712301, 77.7148376
12.8998046, 77.6628428
13.0279661, 77.5409156
12.9029023, 77.6314614
12.9854542, 77.6639248
12.9609857, 77.6387316
12.980678, 77.6762266
12.9238043, 77.6542108
12.9242199, 77.5191195
12.86, 77.786
13.0119571, 77.6471307
12.9886182, 77.5382864
12.9719161, 77.5298856
13.0060924, 77.6594498
12.8441489, 77.6793813
12.9599448, 77.5082833
13.0344841, 77.6318465
13.1042445, 77.5713193
12.9421166, 77.5753609
12.9922145, 77.7159001
13.0280047, 77.6399711
12.98573, 77.645197
12.9069823, 77.552059
12.9817147, 77.6285585
13.2417155, 77.7137306
12.9629354, 77.7122996
13.0364641, 77.5767631
12.9041437, 77.6621582
13.0159044, 77.6378619
12.8970168, 77.6071578
13.0623425, 77.5871032
13.0334194, 77.5639761
12.9908404, 77.7607805
12.9717571, 77.6551929
13.0857908, 77.556098
12.9520393, 77.7208853
13.0612203, 77.5192657
12.9160204, 77.637896
12.8787673, 77.6376676
12.9355734, 77.7057495
12.9255222, 77.6776305
12.8983601, 77.6179465
12.9066841, 77.6757011
13.0708835, 77.6335839
13.0402801, 77.6450215
13.1182138, 77.5775428
12.8971373, 77.6262481
12.9388787, 77.7412047
12.8705558, 77.6557601
12.9971503, 77.6142558
12.9385333, 77.6308174
12.9562593, 77.6534629
13.1342839, 77.7466387
13.0191445, 77.6464534
13.0631411, 77.6206769
12.899623, 77.4826976
13.0376168, 77.6426387
12.8004945, 77.713612
13.0568461, 77.4736859
12.890984, 77.6400098
12.9908351, 77.7218344
12.8829845, 77.5981177
12.8801665, 77.6460458
12.7843888, 77.6418588
13.0551956, 77.6422206
12.9481933, 77.5971865
12.9177456, 77.6237883
13.0422567, 77.6135523
13.004155, 77.6045925
13.0695205, 77.5822844
12.8616487, 77.5615696
13.07, 77.8
13.0031678, 77.6228252
12.986598, 77.743531
13.0568653, 77.6235264
12.9611228, 77.6472466
13.0422174, 77.5700444
12.9226373, 77.6174442
12.9954659, 77.6234053
13.0145937, 77.5514047
12.9868669, 77.4763156
13.0228229, 77.6520917
13.121167, 77.6078805
12.9037594, 77.5618439
12.798306, 77.7060807
12.9155691, 77.5567733
12.9780267, 77.6814627
12.9750721, 77.665865
12.9127307, 77.6873868
12.9756762, 77.6778473
12.9705598, 77.650033
12.9037557, 77.703405
12.9261962, 77.6054281
13.07687, 77.593
12.8552384, 77.5868906
13.0083649, 77.6306383
13.0277543, 77.632431
12.8789001, 77.6089869
13.0075666, 77.6504664
12.9639778, 77.4972874
12.9628593, 77.6595082
12.9795172, 77.7638042
12.9670863, 77.6808128
13.0266605, 77.590791
12.9582321, 77.525388
12.959641, 77.717308
12.9910869, 77.5920295
12.9633823, 77.6034894
13.0874193, 77.4110064
12.7768, 77.76887
12.8812029, 77.5977596
13.1980392, 77.6836342
12.8647805, 77.6509528
12.9570097, 77.5634409
12.9725546, 77.6253315
12.8485869, 77.6836756
13.0724417, 77.6323623
13.0068182, 77.5812849
12.9230523, 77.4846519
12.9558064, 77.7190447
12.9766637, 77.5712556
12.8168473, 77.6989492
13.0019125, 77.6322142
13.0230425, 77.6102985
12.9998698, 77.5950525
13.03854, 77.565225
12.8984834, 77.5590645
12.7105259, 77.6911295
13.0334934, 77.673888
12.9746239, 77.6097423
13.1870068, 77.5501957
12.8953449, 77.6150369
12.9420036, 77.6083044
12.9935334, 77.5787401
12.8893866, 77.6307912
13.0571605, 77.5934258
13.0707584, 77.5981136
12.8964518, 77.5406717
13.0285133, 77.5196763
12.9356162, 77.554777
12.9663887, 77.6075599
12.8857037, 77.566548
12.9208949, 77.7344781
12.8961381, 77.5962816
13.0440974, 77.5777031
13.041526, 77.5683899
13.0458075, 77.5110614
13.1377799, 77.4791265
12.9670714, 77.6704859
13.2927263, 77.5389069
13.0159906, 77.5338233
13.0762712, 77.5255683
13.081524, 77.548365
12.8052456, 77.5787804
12.9163636, 77.5361462
12.8942722, 77.6289517
12.8653954, 77.7968762
13.0724407, 77.5715905
13.0399748, 77.5183484
12.8919741, 77.6179588
12.833333, 77.866667
12.87807, 77.75428
12.9966659, 77.6539609
12.8479168, 77.8273799
13.0063217, 77.614948
12.9890316, 77.5933614
12.9856503, 77.6056927
13.0791284, 77.5132117
13.3948493, 78.1176688
12.9580882, 77.5189734
13.0054104, 77.5375794
12.8379769, 77.7247159
13.370154, 77.6834551
13.0159203, 77.6528966
12.9440703, 77.6722239
12.9711545, 77.5978349
12.9935851, 77.6602062
12.8836788, 77.6793813
12.9667581, 77.614948
12.8689407, 77.6162491
12.7984219, 77.3872174
12.9446164, 77.6836756
13.0097647, 77.5253962
12.978816, 77.5847899
12.8967455, 77.8667416
12.9919691, 77.5071806
12.8706769, 77.554777
12.9078051, 77.5196625
13.0699231, 77.5448599
12.9222439, 77.6292697
12.970872, 77.6047905
12.9610894, 77.4974416
13.1215607, 77.6211888
12.9959582, 77.6172763
12.9475698, 77.6598571
12.9821816, 77.6083271
13.2553623, 77.8495921
13.0631929, 77.5633748
13.0186924, 77.6186204
13.0613596, 77.7158771
12.9845472, 77.6144036
13.0409691, 77.5787776
12.9967094, 77.5281768
13.0321038, 77.6808128
12.9496296, 77.4894926
12.9467756, 77.5519109
12.9569911, 77.6027732
13.0431638, 77.5003091
12.981043, 77.6020736
12.9550291, 77.6142102
13.0440017, 77.5175123
13.1715223, 77.6356486
12.9375448, 77.5948946
12.9230669, 77.5481835
13.1091865, 77.4630265
13.045007, 77.8660566
12.8623824, 77.6757906
12.9791734, 77.5770467
12.9707185, 77.6068147
12.9711214, 77.597224
12.9700374, 77.668645
12.9728688, 77.6059708
12.9703346, 77.4942715
12.9656187, 77.5506761
12.9729991, 77.5905658
12.9427853, 77.5779265
12.9893113, 77.5925881
13.0526818, 77.4954718
12.9615028, 77.6156582
12.885651, 77.5576384
13.0576513, 77.5967615
13.0243273, 77.7077906
12.9608073, 77.6006209
12.9307172, 77.4749013
13.0081816, 77.5948946
13.0661481, 77.5220865
12.9473279, 77.5633748
12.9591024, 77.5867915
13.0506057, 77.5118463
12.8992609, 77.8728536
12.9968854, 77.4331027
12.9715987, 77.5945627
13.004038, 77.61687
12.9545241, 77.4968175
13.29, 77.8
12.9309643, 77.6049218
12.9866294, 77.7201699
12.9024018, 77.5540605
12.8524848, 77.856738
12.834002, 77.688267
12.9715987, 77.5945627
12.9597914, 77.5289797
12.95678, 77.5397293
12.9999537, 77.6074284
12.9762986, 77.618777
12.9935666, 77.6435896
12.8710738, 77.5934927
13.0701252, 77.244826
12.9709232, 77.5763139
13.0274697, 77.7605953
13.0540077, 77.5053269
12.804181, 77.626432
13.6816631, 77.7848209
12.9694362, 77.6024692
13.1660219, 77.6043521
13.3818177, 78.0435222
12.8615733, 77.7052823
12.8816584, 77.5189458
13.01152, 77.4888388
12.834002, 77.688267
13.10171, 77.6579077
13.2391352, 77.9380304
13.7874534, 77.771264
13.3143522, 77.787045
13.0097181, 77.4783959
12.9553875, 77.554777
12.9544874, 77.6190723
12.9890326, 77.5640913
12.907323, 77.417983
12.8957999, 77.828372
12.9715987, 77.5945627
13.2297571, 77.2433891
13.2725697, 77.1672094
13.0732359, 77.7423469
12.8983601, 77.6179465
12.7637802, 77.6507489
12.9663445, 77.4012964
12.9079572, 77.797055
